2.51
3.15
1.76
1.69
1.60
1.53
1.43
3.62
2.61
1.90
3.50
1.93
1.88
3.29
3.57
2.73
2.84
3.27
3.97
3.31
2.91
2.16
1.46
1.62
3.31
2.77
2.00
1.83
1.25
3.41
1.64
1.55
1.95
1.43
2.14
1.50
2.00
3.74
1.64
2.07
2.35
1.76
1.27
1.93
1.93
1.50
4.91
1.48
1.57
1.74
2.16
3.29
2.04
2.84
1.29
1.41
1.53
2.16
1.55
1.39
3.69
1.39
1.86
2.82
4.42
2.07
2.84
2.44
4.89
1.55
1.36
1.36
1.69
1.29
2.14
2.75
2.89
3.29
2.37
2.54
1.57
1.64
1.72
1.39
2.63
2.28
1.81
2.63
1.64
1.29
2.12
1.60
4.14
1.86
1.22
1.53
2.16
1.15
1.67
1.46
1.76
1.48
1.53
1.62
2.33
2.23
2.04
2.07
1.46
1.83
1.48
1.27
1.86
1.32
1.20
1.79
2.87
1.43
1.48
1.81
1.53
3.01
2.12
1.57
2.63
2.16
3.97
1.46
1.60
1.36
1.25
1.29
1.50
1.2
0.8
0.9
0.8
0.6
0.7
1.1
0.7
0.9
0.9
0.5
0.7
0.9
0.6
0.7
0.5
0.9
0.8
0.8
1.1
0.8
0.7
0.7
