2.52
5.15
-6.40
-7.86
-5.06
-6.60
-6.51
-6.39
-7.24
-6.08
-5.25
-9.52
-5.07
-3.77
-3.63
-1.20
-7.47
-7.11
-7.41
-4.66
-3.81
-2.79
-4.60
-5.74
-4.65
-6.13
-3.18
-8.73
-14.66
-8.47
-12.54
-14.53
-8.95
-10.25
-5.83
-9.39
-9.09
-10.73
-5.97
-6.75
-6.72
-6.68
-1.71
-7.96
-10.51
-5.09
-6.68
-8.21
-7.78
-3.74
-12.61
7.01
-9.05
5.44
-10.15
-11.79
8.81
3.87
3.62
3.14
3.65
0.71
-4.41
0.22
-2.05
1.00
1.81
-1.58
-3.57
-1.86
-4.87
-11.07
3.84
-1.71
0.85
-6.23
-11.49
-5.83
-12.67
-10.05
5.83
-7.60
-8.64
8.40
-2.94
-10.30
-7.78
-4.40
-9.22
7.70
7.69
6.96
8.19
7.12
7.36
7.33
9.63
7.35
-7.91
12.91
-3.89
11.98
-0.38
-2.91
-4.86
-7.75
-1.49
-5.38
3.71
-5.19
12.43
8.10
7.99
7.15
10.20
6.54
7.19
6.66
6.53
7.35
10.27
8.00
9.76
10.50
5.66
11.58
-0.09
-5.64
-4.86
1.34
0.78
0.92
0.87
0.1
0.9
-0.8
-0.7
-0.6
1.3
1.9
-2.4
3.4
2.2
1.5
-2.0
-1.1
1.9
-0.2
1.2
-3.1
0.1
-0.9
-0.2
3.3
8.5
3.1
